ericchang911@gmail.com,asdf,asdf
ericchang911@gmail.com,asdf,asdf
ericchang911@gmail.com,asdf,asdf
ericchang911@gmail.com,asdf,asdf
